LT227044077788877777 
CC051245445454552117989         
LT647044001231465456        
LT227044077788877777
CC051245445454552117989
AD12 0001 2030 2003 5910 0100
AT61 1904 3002 3457 3201
BE68 5390 0754 7034
CZ65 0800 0000 1920 0014 5399
DK50 0040 0440 1162 43
EE38 2200 2210 2014 5685
GI75 NWBK 0000 0000 7099 453
GR16 0110 1250 0000 0001 2300 695
IS14 0159 260 7654 5510 7303 39
ES91 2100 0418 4502 0005 1332
X054 2811 1010 0000 0123 456
GB29 NWBK 6016 1331 9268 19
CY17 0020 0128 0000 0012 0052 7600
LV80 BANK 0000 4351 9500 1
PL27 1140 2004 0000 3002 0135 5387
